ScopeData_var = struct();
ScopeData_var.Date = 'Thu Feb 19 15:41:30 IST 2026';
ScopeData_var.Processor = 'Generic dsPIC';
ScopeData_var.Version = 'V.0.23';
ScopeData_var.Computer = 'bhanuprakash';
ScopeData_var.User = 'bhanu1234';
ScopeData_var.ModelName = 'Model';
ScopeData_var.Data.TimeStamp = [...
0.0 3.0000000000000003E-4 6.000000000000001E-4 9.000000000000001E-4 0.0012000000000000001 ...
0.0015 0.0018000000000000002 0.0021000000000000003 0.0024000000000000002 0.0027 ...
0.003 0.0033 0.0036000000000000003 0.0039000000000000003 0.004200000000000001 ...
0.0045000000000000005 0.0048000000000000004 0.0051 0.0054 0.0057 ...
0.006 0.0063 0.0066 0.006900000000000001 0.007200000000000001 ...
0.007500000000000001 0.0078000000000000005 0.0081 0.008400000000000001 0.008700000000000001 ...
0.009000000000000001 0.009300000000000001 0.009600000000000001 0.0099 0.0102 ...
0.0105 0.0108 0.0111 0.0114 0.0117 ...
0.012 0.0123 0.0126 0.0129 0.0132 ...
0.0135 0.013800000000000002 0.014100000000000001 0.014400000000000001 0.014700000000000001 ...
0.015000000000000001 0.015300000000000001 0.015600000000000001 0.0159 0.0162 ...
0.0165 0.016800000000000002 0.0171 0.017400000000000002 0.0177 ...
0.018000000000000002 0.0183 0.018600000000000002 0.0189 0.019200000000000002 ...
0.0195 0.0198 0.0201 0.0204 0.0207 ...
0.021 0.0213 0.0216 0.0219 0.0222 ...
0.022500000000000003 0.0228 0.023100000000000002 0.0234 0.023700000000000002 ...
0.024 0.024300000000000002 0.0246 0.024900000000000002 0.0252 ...
0.025500000000000002 0.0258 0.0261 0.0264 0.0267 ...
0.027 0.0273 0.027600000000000003 0.0279 0.028200000000000003 ...
0.0285 0.028800000000000003 0.0291 0.029400000000000003 0.0297 ...
0.030000000000000002 0.0303 0.030600000000000002 0.0309 0.031200000000000002 ...
0.0315 0.0318 0.032100000000000004 0.0324 0.0327 ...
0.033 0.0333 0.033600000000000005 0.0339 0.0342 ...
0.0345 0.034800000000000005 0.0351 0.0354 0.0357 ...
0.036000000000000004 0.0363 0.0366 0.0369 0.037200000000000004 ...
0.0375 0.0378 0.0381 0.038400000000000004 0.038700000000000005 ...
0.039 0.0393 0.0396 0.039900000000000005 0.0402 ...
0.0405 0.0408 0.041100000000000005 0.0414 0.0417 ...
0.042 0.042300000000000004 0.0426 0.0429 0.0432 ...
0.043500000000000004 0.0438 0.0441 0.0444 0.044700000000000004 ...
0.045000000000000005 0.0453 0.0456 0.0459 0.046200000000000005 ...
0.0465 0.0468 0.0471 0.047400000000000005 0.0477 ...
0.048 0.0483 0.048600000000000004 0.0489 0.0492 ...
0.0495 0.049800000000000004 0.050100000000000006 0.0504 0.0507 ...
0.051000000000000004 0.051300000000000005 0.0516 0.0519 0.0522 ...
0.052500000000000005 0.0528 0.0531 0.0534 0.053700000000000005 ...
0.054 0.0543 0.0546 0.054900000000000004 0.055200000000000006 ...
0.0555 0.0558 0.056100000000000004 0.056400000000000006 0.0567 ...
0.057 0.057300000000000004 0.057600000000000005 0.0579 0.0582 ...
0.0585 0.058800000000000005 0.0591 0.0594 0.0597 ...
0.060000000000000005 0.0603 0.0606 0.0609 0.061200000000000004 ...
0.061500000000000006 0.0618 0.0621 0.062400000000000004 0.0627 ...
0.063 0.06330000000000001 0.0636 0.0639 0.06420000000000001 ...
0.0645 0.0648 0.0651 0.0654 0.06570000000000001 ...
0.066 0.0663 0.0666 0.0669 0.06720000000000001 ...
0.0675 0.0678 0.06810000000000001 0.0684 0.0687 ...
0.069 0.0693 0.06960000000000001 0.0699 0.0702 ...
0.07050000000000001 0.0708 0.0711 0.0714 0.0717 ...
0.07200000000000001 0.0723 0.0726 0.0729 0.0732 ...
0.07350000000000001 0.0738 0.0741 0.07440000000000001 0.0747 ...
0.075 0.0753 0.0756 0.07590000000000001 0.0762 ...
0.0765 0.07680000000000001 0.0771 0.07740000000000001 0.0777 ...
0.078 0.07830000000000001 0.0786 0.0789 0.0792 ...
0.0795 0.07980000000000001 0.0801 0.0804 0.08070000000000001 ...
0.081 0.0813 0.0816 0.0819 0.08220000000000001 ...
0.0825 0.0828 0.08310000000000001 0.0834 0.08370000000000001 ...
0.084 0.0843 0.08460000000000001 0.0849 0.0852 ...
0.0855 0.0858 0.08610000000000001 0.0864 0.0867 ...
0.08700000000000001 0.0873 0.0876 0.0879 0.0882 ...
0.08850000000000001 0.0888 0.0891 0.08940000000000001 0.0897 ...
0.09000000000000001 0.0903 0.0906 0.09090000000000001 0.0912 ...
0.0915 0.0918 0.0921 0.09240000000000001 0.0927 ...
0.093 0.09330000000000001 0.0936 0.09390000000000001 0.0942 ...
0.0945 0.09480000000000001 0.0951 0.0954 0.09570000000000001 ...
0.096 0.09630000000000001 0.0966 0.0969 0.09720000000000001 ...
0.0975 0.0978 0.0981 0.0984 0.09870000000000001 ...
0.099 0.0993 0.09960000000000001 0.0999 0.10020000000000001 ...
0.1005 0.1008 0.10110000000000001 0.1014 0.1017 ...
0.10200000000000001 0.1023 0.10260000000000001 0.1029 0.1032 ...
0.10350000000000001 0.1038 0.1041 0.1044 0.1047 ...
0.10500000000000001 0.1053 0.1056 0.10590000000000001 0.1062 ...
0.10650000000000001 0.1068 0.1071 0.10740000000000001 0.1077 ...
0.108 0.10830000000000001 0.1086 0.10890000000000001 0.1092 ...
0.1095 0.10980000000000001 0.1101 0.11040000000000001 0.1107 ...
0.111 0.11130000000000001 0.1116 0.1119 0.11220000000000001 ...
0.1125 0.11280000000000001 0.1131 0.1134 0.11370000000000001 ...
0.114 0.1143 0.11460000000000001 0.1149 0.11520000000000001 ...
0.1155 0.1158 0.11610000000000001 0.1164 0.11670000000000001 ...
0.117 0.1173 0.11760000000000001 0.1179 0.1182 ...
0.11850000000000001 0.1188 0.11910000000000001 0.1194 0.1197 ...
0.12000000000000001 0.1203 0.1206 0.12090000000000001 0.1212 ...
0.12150000000000001 0.1218 0.1221 0.12240000000000001 0.1227 ...
0.12300000000000001 0.1233 0.1236 0.12390000000000001 0.1242 ...
0.1245 0.12480000000000001 0.12510000000000002 0.1254 0.1257 ...
0.126 0.1263 0.12660000000000002 0.1269 0.1272 ...
0.1275 0.1278 0.12810000000000002 0.12840000000000001 0.1287 ...
0.129 0.1293 0.1296 0.12990000000000002 0.1302 ...
0.1305 0.1308 0.1311 0.13140000000000002 0.1317 ...
0.132 0.1323 0.1326 0.13290000000000002 0.1332 ...
0.1335 0.1338 0.1341 0.13440000000000002 0.13470000000000001 ...
0.135 0.1353 0.1356 0.1359 0.13620000000000002 ];
